#Interval Lost/Total controller/switch client/controller
0.00 1.00 31.0 0 0
1.00 2.00 31.0 0 0
2.00 3.00 26.5 0 0
3.00 4.00 34.4 0 0
4.00 5.00 22.1 0 0
5.00 6.00 40.2 0 0
6.00 7.00 31.2 0 0
7.00 8.00 29.9 0 0
8.00 9.00 35.6 0 0
9.00 10.00 25.6 0 0
10.00 11.00 24.6 0 0
11.00 12.00 31.2 0 0
12.00 13.00 33.2 0 0
13.00 14.00 29.3 0 0
14.00 15.00 36.0 0 0
15.00 16.00 35.6 0 0
16.00 17.00 33.8 0 0
17.00 18.00 33.5 0 0
18.00 19.00 31.5 0 0
19.00 20.00 26.0 0 0
20.00 21.00 30.9 0 0
21.00 22.00 34.2 0 0
22.00 23.00 7.01 0 0
23.00 24.00 24.0 0 0
24.00 25.00 27.5 0 0
25.00 26.00 27.5 0 0
26.00 27.00 25.3 0 0
27.00 28.00 23.9 0 0
28.00 29.00 23.6 0 0
29.00 30.00 21.8 0 0
30.00 31.00 16.2 10 0
31.00 32.00 9.01 0 0
32.00 33.00 0.00 0 0
33.00 34.00 0.00 0 0
34.00 35.00 0.00 0 0
35.00 36.00 0.00 0 0
36.00 37.00 0.00 0 0
37.00 38.00 0.00 0 0
38.00 39.00 0.00 0 0
39.00 40.00 0.00 0 0
40.00 41.00 0.00 0 0
41.00 42.00 0.00 0 0
42.00 43.00 0.00 0 0
43.00 44.00 0.00 0 0
44.00 45.00 0.00 0 0
45.00 46.00 0.00 0 0
46.00 47.00 0.00 0 0
47.00 48.01 0.00 0 0
48.01 49.00 0.00 0 0
49.00 50.00 0.00 0 0
50.00 51.00 0.00 0 0
51.00 52.00 0.00 0 0
52.00 53.00 0.00 0 0
53.00 54.00 0.00 0 0
54.00 55.00 0.00 0 0
55.00 56.00 0.00 0 0
56.00 57.00 0.00 0 0
57.00 58.00 0.00 0 0
58.00 59.00 0.00 0 0
59.00 60.00 0.00 0 10
60.00 61.00 0.00 0 0
61.00 62.00 0.00 0 0
62.00 63.00 1.66 0 0
63.00 64.00 10.5 0 0
64.00 65.00 12.6 0 0
65.00 66.00 17.0 0 0
66.00 67.00 29.3 0 0
67.00 68.00 29.6 0 0
68.00 69.00 19.9 0 0
69.00 70.00 7.45 0 0
70.00 71.00 20.0 0 0
71.00 72.00 23.3 0 0
72.00 73.00 25.9 0 0
73.00 74.00 19.4 0 0
74.00 75.00 22.4 0 0
75.00 76.00 26.2 0 0
76.00 77.00 17.9 0 0
77.00 78.00 27.6 0 0
78.00 79.00 21.1 0 0
79.00 80.00 25.1 0 0
80.00 81.00 27.2 0 0
81.00 82.00 34.3 0 0
82.00 83.00 27.6 0 0
83.00 84.00 27.9 0 0
84.00 85.00 29.3 0 0
85.00 86.00 36.6 0 0
86.00 87.00 30.7 0 0
87.00 88.00 30.6 0 0
88.00 89.00 30.3 0 0
89.00 90.00 14.3 0 0
90.00 91.00 31.6 0 0
91.00 92.00 29.3 0 0
92.00 93.00 30.9 0 0
93.00 94.00 30.8 0 0
94.00 95.00 28.2 0 0
95.00 96.00 27.2 0 0
96.00 97.00 23.8 0 0
97.00 98.00 23.2 0 0
98.00 99.00 17.7 0 0
99.00 100.00 24.4 0 0
100.00 101.00 21.4 0 0
101.00 102.00 17.8 0 0
102.00 103.00 17.6 0 10
103.00 104.00 4.13 0 0
104.00 105.00 0.00 0 0
105.00 106.00 0.00 0 0
106.00 107.00 0.00 0 0
107.00 108.00 0.00 0 0
108.00 109.00 0.00 0 0
109.00 110.00 0.00 0 0
110.00 111.00 0.00 0 0
111.00 112.00 0.00 0 0
112.00 113.00 0.00 0 0
113.00 114.00 0.00 0 0
114.00 115.00 0.00 0 0
115.00 116.00 0.00 0 0
116.00 117.00 0.00 0 0
117.00 118.00 0.00 0 0
118.00 119.00 0.00 0 0
119.00 120.00 0.00 0 0
120.00 121.00 0.00 0 0
121.00 122.00 0.00 0 0
122.00 123.00 0.00 0 0
123.00 124.00 0.00 0 0
124.00 125.00 0.00 10 0
125.00 126.00 0.00 0 0
126.00 127.00 0.00 0 0
127.00 128.00 13.7 0 0
128.00 129.00 38.2 0 0
129.00 130.00 34.1 0 0
130.00 131.00 32.8 0 0
131.00 132.00 33.3 0 0
132.00 133.00 34.7 0 0
133.00 134.00 25.9 0 0
134.00 135.00 28.2 0 0
135.00 136.00 35.3 0 0
136.00 137.00 31.8 0 0
137.00 138.00 37.5 0 0
138.00 139.00 34.4 0 0
139.00 140.00 29.1 0 0
140.00 141.00 30.6 0 0
141.00 142.00 29.7 0 0
142.00 143.00 31.7 0 0
143.00 144.00 27.7 0 0
144.00 145.00 28.1 0 0
145.00 146.00 35.8 0 0
146.00 147.00 30.4 0 0
147.00 148.00 36.2 0 0
148.00 149.00 36.5 0 0
149.00 150.00 21.2 0 0
150.00 151.00 23.7 0 0
151.00 152.00 39.2 0 0
152.00 153.00 28.8 0 0
153.00 154.00 11.2 0 0
154.00 155.00 31.3 0 0
155.00 156.00 33.2 0 0
156.00 157.00 37.0 0 0
157.00 158.00 34.6 0 0
158.00 159.00 35.9 0 0
159.00 160.00 27.5 0 0
160.00 161.00 33.5 0 0
161.00 162.00 29.0 0 0
162.00 163.00 32.5 0 0
163.00 164.00 35.3 0 0
164.00 165.00 31.3 0 0
165.00 166.00 27.3 0 0
166.00 167.00 26.0 0 0
167.00 168.00 30.4 0 0
168.00 169.00 31.3 0 0
169.00 170.00 33.3 0 0
170.00 171.00 30.4 0 0
171.00 172.00 31.7 0 0
172.00 173.00 35.0 0 0
173.00 174.00 32.9 0 0
174.00 175.00 29.7 0 0
175.00 176.00 24.6 0 0
176.00 177.00 25.7 0 0
177.00 178.00 35.8 0 0
178.00 179.00 34.9 0 0
179.00 180.00 25.5 0 0
180.00 180.26 51.3 0 0
