#Interval Lost/Total controller/switch client/controller
0.00 1.00 2.88 0 0
1.00 2.00 2.61 0 0
2.00 3.00 2.26 0 0
3.00 4.00 1.45 0 0
4.00 5.00 2.95 0 0
5.00 6.00 2.90 0 0
6.00 7.00 2.96 0 0
7.00 8.00 2.70 0 0
8.00 9.00 1.69 0 0
9.00 10.00 1.85 0 0
10.00 11.00 2.42 0 0
11.00 12.00 2.34 0 0
12.00 13.00 2.31 0 0
13.00 14.00 1.83 0 0
14.00 15.00 1.85 0 0
15.00 16.00 1.79 0 0
16.00 17.00 1.56 0 0
17.00 18.00 1.90 0 0
18.00 19.00 1.91 0 0
19.00 20.00 2.10 0 0
20.00 21.00 1.95 0 0
21.00 22.00 1.57 0 0
22.00 23.00 1.59 0 0
23.00 24.00 1.21 0 0
24.00 25.00 1.86 0 0
25.00 26.00 1.50 0 0
26.00 27.00 2.05 0 0
27.00 28.00 2.29 0 0
28.00 29.00 2.03 0 0
29.00 30.00 1.45 0 0
30.00 31.00 1.88 0 0
31.00 32.00 2.29 0 0
32.00 33.00 2.30 0 0
33.00 34.00 1.93 0 0
34.00 35.00 2.16 1 0
35.00 36.00 2.32 0 0
36.00 37.00 0.35 0 0
37.00 38.00 0.00 0 0
38.00 39.00 0.00 0 0
39.00 40.00 0.00 0 0
40.00 41.00 0.00 0 0
41.00 42.00 0.00 0 0
42.00 43.00 0.00 0 0
43.00 44.00 0.00 0 0
44.00 45.00 0.00 0 0
45.00 46.00 0.00 0 0
46.00 47.00 0.00 0 0
47.00 48.00 0.00 0 0
48.00 49.00 0.00 0 0
49.00 50.00 0.00 0 0
50.00 51.00 0.00 0 0
51.00 52.00 0.00 0 0
52.00 53.00 0.00 0 0
53.00 54.00 0.00 0 0
54.00 55.00 0.00 0 0
55.00 56.00 0.00 0 0
56.00 57.00 0.00 0 0
57.00 58.01 0.00 0 0
58.01 59.00 0.00 0 0
59.00 60.00 0.00 0 0
60.00 61.00 0.00 0 0
61.00 62.00 0.00 0 0
62.00 63.00 0.00 0 0
63.00 64.00 0.00 0 0
64.00 65.00 0.00 0 0
65.00 66.00 0.00 0 0
66.00 67.00 0.00 0 0
67.00 68.00 0.00 0 0
68.00 69.00 0.00 0 0
69.00 70.00 0.00 0 1
70.00 71.00 0.00 0 0
71.00 72.00 0.00 0 0
72.00 73.00 0.15 0 0
73.00 74.00 0.70 0 0
74.00 75.00 0.69 0 0
75.00 76.00 1.67 0 0
76.00 77.00 2.30 0 0
77.00 78.00 2.75 0 0
78.00 79.00 3.03 0 0
79.00 80.00 2.94 0 0
80.00 81.00 2.90 0 0
81.00 82.00 3.03 0 0
82.00 83.00 1.88 0 0
83.00 84.00 1.98 0 0
84.00 85.00 2.01 0 0
85.00 86.00 1.97 0 0
86.00 87.00 1.41 0 0
87.00 88.00 2.26 0 0
88.00 89.00 1.96 0 0
89.00 90.00 2.25 0 0
90.00 91.00 1.92 0 0
91.00 92.00 1.69 0 0
92.00 93.00 1.95 0 0
93.00 94.00 3.15 0 0
94.00 95.00 3.10 0 0
95.00 96.00 2.87 0 0
96.00 97.00 2.11 0 0
97.00 98.00 2.52 0 0
98.00 99.00 2.08 0 0
99.00 100.00 0.98 0 0
100.00 101.00 2.06 0 0
101.00 102.00 2.19 0 0
102.00 103.00 2.09 0 0
103.00 104.00 1.44 0 0
104.00 105.00 1.75 0 1
105.00 106.00 1.39 0 0
106.00 107.00 0.00 0 0
107.00 108.00 0.00 0 0
108.00 109.00 0.00 0 0
109.00 110.00 0.00 0 0
110.00 111.00 0.00 0 0
111.00 112.00 0.00 0 0
112.00 113.00 0.00 0 0
113.00 114.00 0.00 0 0
114.00 115.00 0.00 0 0
115.00 116.00 0.00 0 0
116.00 117.00 0.00 0 0
117.00 118.00 0.00 0 0
118.00 119.00 0.00 0 0
119.00 120.00 0.00 0 0
120.00 121.00 0.00 0 0
121.00 122.00 0.00 0 0
122.00 123.00 0.00 1 0
123.00 124.00 0.00 0 0
124.00 125.00 0.00 0 0
125.00 126.00 0.18 0 0
126.00 127.00 1.41 0 0
127.00 128.00 1.58 0 0
128.00 129.00 2.95 0 0
129.00 130.00 2.58 0 0
130.00 131.00 2.33 0 0
131.00 132.00 2.71 0 0
132.00 133.00 2.73 0 0
133.00 134.00 2.63 0 0
134.00 135.00 2.63 0 0
135.00 136.00 2.46 0 0
136.00 137.00 2.35 0 0
137.00 138.00 2.39 0 0
138.00 139.00 2.63 0 0
139.00 140.00 2.66 0 0
140.00 141.00 2.23 0 0
141.00 142.00 2.39 0 0
142.00 143.00 2.10 0 0
143.00 144.00 2.58 0 0
144.00 145.00 1.97 0 0
145.00 146.00 2.79 0 0
146.00 147.00 2.36 0 0
147.00 148.00 3.13 0 0
148.00 149.00 2.60 0 0
149.00 150.00 2.73 0 0
150.00 151.00 2.50 0 0
151.00 152.00 2.62 0 0
152.00 153.00 2.68 0 0
153.00 154.00 1.78 0 0
154.00 155.00 3.14 0 0
155.00 156.00 2.36 0 0
156.00 157.00 2.81 0 0
157.00 158.00 2.04 0 0
158.00 159.00 2.88 0 0
159.00 160.00 2.82 0 0
160.00 161.00 2.88 0 0
161.00 162.00 2.68 0 0
162.00 163.00 2.22 0 0
163.00 164.00 2.53 0 0
164.00 165.00 1.13 0 0
165.00 166.00 2.76 0 0
166.00 167.00 2.85 0 0
167.00 168.00 3.24 0 0
168.00 169.00 3.16 0 0
169.00 170.00 2.53 0 0
170.00 171.00 3.37 0 0
171.00 172.00 3.18 0 0
172.00 173.00 3.02 0 0
173.00 174.00 2.77 0 0
174.00 175.00 2.64 0 0
175.00 176.00 2.84 0 0
176.00 177.00 2.37 0 0
177.00 178.00 2.37 0 0
178.00 179.00 2.46 0 0
179.00 180.00 2.41 0 0
180.00 180.26 3.31 0 0
